%YAML:1.0
# General sensor definitions.
camera_id: right_cam

# Sensor extrinsics wrt. the body-frame
T_BS:
  cols: 4
  rows: 4
  data:  [0.99999353,  0.00017216, -0.00359290,  0.06917448,
         -0.00012938,  0.99992912,  0.01190517,  0.00427303,
          0.00359469, -0.01190463,  0.99992268,  0.01451117,
          0.00000000,  0.00000000,  0.00000000,  1.00000000]

# Camera specific definitions
rate_hz: 20
resolution: [640, 480]  # [width, height]
camera_model: pinhole
intrinsics: [384.76631469961114, 384.44298975213155, 327.14836228569385, 236.42884139045756]  # [fu, fv, cu, cv]
distortion_model: radtan
distortion_coefficients: [0.00180743, -0.00157798, -0.00008735,  0.00298958]  # model dependent