%YAML:1.0
# Type of odometry sensor:

# Sensor extrinsics wrt. the body-frame.
T_BS:
  cols: 4
  rows: 4
  data: [-0.99866158, -0.01154613, -0.05041557,  0.01110381,
         -0.01072104,  0.99980464, -0.01660538,  0.03987816,
          0.05059745, -0.01604265, -0.99859027,  0.04618966,
          0.,          0.,          0.,          1.         ]
rate_hz: 200

# odometry sensor noise model parameters (static)
odomPositionPrecision: 10000
odomRotationPrecision: 10000
odomVelPrecision: 0

# Extra parameters
