trajectoryLenght = [80.6
73.5
130.9
91.7
97.6
58.6
75.9
79
36.5
83.2
86.1];