%YAML:1.0
# General sensor definitions.
camera_id: left_cam

# Sensor extrinsics wrt. the body-frame.
T_BS:
  cols: 4
  rows: 4
  data: [0.9999696204143095, 0.0026862211395019798, 0.007317271653524808, -0.035444853724645585,
         -0.0023778583642409027, 0.9991219422040934, -0.04182930068647981, 0.027123624325323524,
         -0.007423209417859271, 0.041810630494050476, 0.9990979767468398, -0.08347299538526054,
         0.0, 0.0, 0.0, 1.0]

# Camera specific definitions.
rate_hz: 30
resolution: [640, 480]
camera_model: pinhole
intrinsics: [385.18681587014777, 385.08894038512136, 323.08215719710927, 241.75845145344397] #fu, fv, cu, cv
distortion_model: equidistant
distortion_coefficients: [0.34058661190133155, 0.10891845722051097, 0.1099073078802829, -0.029097445495854555]
