%YAML:1.0
# General sensor definitions.
camera_id: right_cam


# Sensor extrinsics wrt. the body-frame.
T_BS:
  cols: 4
  rows: 4
  data: [0.9999724067984401, 0.0028131744988207637, 0.006875441147401422, 0.014592751244124869,
         -0.0025215349630406544, 0.9991117260466352, -0.042064245358033374, 0.02720034674662339,
        -0.006987667934465662, 0.042045748005593304, 0.9990912508732549, -0.0834248763125158,
         0.0, 0.0, 0.0, 1.0]

# Camera specific definitions.
rate_hz: 30
resolution: [640, 480]
camera_model: pinhole
intrinsics: [385.32764123191714, 385.16753463078044, 324.17847181625945, 241.80070470901003] #fu, fv, cu, cv
distortion_model: equidistant
distortion_coefficients: [0.3302229991736339, 0.16500320516769407, -0.018315815692672367, 0.08605071256403334]

