%YAML:1.0
# General sensor definitions.
camera_id: right_cam


# Sensor extrinsics wrt. the body-frame.
T_BS:
  cols: 4
  rows: 4
  data: [0.9999864186114902, 0.004541831287677599, 0.0025562396444572797, -0.048912214740560296,
         -0.004568237690561606, 0.9999352657067593, 0.010420921281505315, -0.003712053822296595,
        -0.0025087441017677754, -0.010432457261214678, 0.9999424333623035, -0.028477141973355893,
         0.0, 0.0, 0.0, 1.0]

# Camera specific definitions.
rate_hz: 30
resolution: [640, 480]
camera_model: pinhole
intrinsics: [384.6517877875679, 385.80743823947375, 323.0940939324028, 239.4007620255053] #fu, fv, cu, cv
distortion_model: equidistant
distortion_coefficients: [0.33272557213785425, 0.20855196388908398, -0.14436817873485477, 0.2040126459333023]
