%YAML:1.0
# General sensor definitions.
camera_id: right_cam

# Sensor extrinsics wrt. the body-frame.
T_BS:
  cols: 4
  rows: 4
  data: [0.9999893943381424, 0.004597202273771885, -0.0002773850934605526, 0.0010671958162155263,
         -0.004594021046449086, 0.9999338207489246, 0.010547468562796748, -0.003696910803619643,
         0.0003258555827822344, -0.010546082386954383, 0.9999443354329418, -0.02839970511575117,
         0.0, 0.0, 0.0, 1.0]

# Camera specific definitions.
rate_hz: 30
resolution: [640, 480]
camera_model: pinhole
intrinsics: [384.5697007030446, 385.6469026594307, 324.92457920979194, 239.78003927789618] #fu, fv, cu, cv
distortion_model: equidistant
distortion_coefficients: [0.34610989806637954, 0.11497394690333039, 0.09283198659020588, 0.011326272488628174]
