%YAML:1.0

# General sensor definitions
camera_id: right_cam

# Sensor extrinsics wrt. the body-frame
T_BS:
  cols: 4
  rows: 4
  data:  [-0.99983068,  0.00296433,  0.01816128, -0.04585627,
          -0.01817362, -0.00419112, -0.99982606, -0.22293186,
          -0.0028877,  -0.99998682,  0.00424429, -0.01420179,
           0.,          0.,          0.,          1.        ]
# T_BS:
#   cols: 4
#   rows: 4
#   data:  [0.99994414,  0.00299258,  0.01013686,  0.04248320,
#          -0.00251915,  0.99891983, -0.04639849,  0.02352544,
#          -0.01026476,  0.04637036,  0.99887158, -0.01649758,
#           0.00000000,  0.00000000,  0.00000000,  1.00000000]

# Camera specific definitions
rate_hz: 20
resolution: [640, 480]  # [width, height]
camera_model: pinhole
intrinsics: [408.879244705, 405.040086295, 322.744210299, 243.20174175]  # [fu, fv, cu, cv]
distortion_model: equidistant
distortion_coefficients: [0.33026771,  0.08335924,  0.30325668, -0.30243998]  # model dependent