%YAML:1.0
# General sensor definitions.
camera_id: left_cam

# Sensor extrinsics wrt. the body-frame
T_BS:
  cols: 4
  rows: 4
  data: [-0.01855668,  0.01502395,  0.99971492,  0.00006294,
         -0.99982540,  0.00191794, -0.01858755, -0.00103232,
         -0.00219666, -0.99988529,  0.01498574, -0.00066215,
          0.00000000,  0.00000000,  0.00000000,  1.00000000]

# Camera specific definitions
rate_hz: 20
resolution: [640, 480]  # [width, height]
camera_model: pinhole
intrinsics: [401.8910871604894, 402.0015885044878, 329.54425988677303, 225.167111588657]  # [fu, fv, cu, cv]
distortion_model: radtan
distortion_coefficients: [0.01993481,  0.00202027, -0.00764828,  0.00405434]  # model dependent