%YAML:1.0
# General sensor definitions.
camera_id: left_cam

# Sensor extrinsics wrt. the body-frame.
T_BS:
  cols: 4
  rows: 4
  # These are base-link to the camera frames:
  # data: [-0.9999385511267347,    -0.010969899218106552,  0.0015985248547873315, 0.00015915495168883353,
  #        -0.010980270971648307,   0.9999177295700998,   -0.006630817503581133,  0.0321539044380188,
  #        -0.0015256539437123802, -0.006647962283377189, -0.9999767382182063,    0.00013992845197208226,
  #         0.0, 0.0, 0.0, 1.0]
  # These are imu_optical_frame to camera frames:
  # data: [-0.01098027097164811,    0.9999177295700998,   -0.006630817503581077,  0.010699119418859482,
  #        -0.0015256539437126793, -0.006647962283377273, -0.9999767382182062,    7.11332104401663e-05,
  #        -0.9999385511267346,    -0.010969899218106316,  0.0015985248547875086, 0.00011737800014089209,
  #         0.0, 0.0, 0.0, 1.0]
  # These are measured relative to the t265_front/imu_optical_frame and correspond to the cam optical frames:
  # data: [-0.9999177295701, -0.006630817503581133, 0.010980270971647863, 0.010699119418859482,
  #     0.006647962283377189, -0.9999767382182063, 0.0015256539437123818, 7.11332104401663e-05,
  #     0.010969899218106108, 0.00159852485478733, 0.9999385511267346, 0.00011737800014089209,
  #     0.0, 0.0, 0.0, 1.0]
  # These are for imu_optical_frame_transformed to cam optical frames
  data: [0.010969899218105816, 0.0015985248547876751, 0.9999385511267345, 0.00011737800014089439,
    -0.9999177295700998, -0.006630817503581132, 0.010980270971647554, 0.010699119418859468,
    0.006647962283377218, -0.9999767382182061, 0.0015256539437127903, 7.113321044016632e-05,
    0.0, 0.0, 0.0, 1.0]

# Camera specific definitions.
rate_hz: 30
resolution: [848, 800]
camera_model: pinhole
intrinsics: [284.54638671875, 285.6856994628906, 428.7926025390625, 398.27960205078125] # fu, fv, cu, cv
distortion_model: equidistant
distortion_coefficients: [0.00026921750395558774, 0.03384219855070114, -0.032694678753614426, 0.0048636640422046185]
