%YAML:1.0
# General sensor definitions.
camera_id: right_cam

# Sensor extrinsics wrt. the body-frame.
T_BS:
  cols: 4
  rows: 4
  # These are base-link to the camera frames:
  # data: [-0.9999812547876265,   -0.005783382407779787,   0.002010612167960447, -0.00015915495168883353,
  #        -0.005796033282676481,  0.9999630777648097,    -0.006344218258799961, -0.0321539044380188,
  #        -0.001973846891396046, -0.0063557529101254066, -0.9999778539214732,   -0.00013992845197208226,
  #         0.0, 0.0, 0.0, 1.0]
  # These are imu_optical_frame to camera frames:
  # data: [-0.005796033282676416,  0.9999630777648099,   -0.0063442182587999385, -0.053608689457178116,
  #        -0.001973846891396347, -0.006355752910125578, -0.9999778539214732,    -0.00020872369350399822,
  #        -0.9999812547876265,   -0.0057833824077795914, 0.002010612167960557,  -0.00020093190323678886,
  #         0.0, 0.0, 0.0, 1.0]
  # These are measured relative to the t265_front/imu_optical_frame and correspond to the cam optical frames:
  # data: [-0.99996307776481, -0.006344218258799961, 0.005796033282676037, -0.053608689457178116,
  #   0.0063557529101254066, -0.9999778539214732, 0.0019738468913960473, -0.00020872369350399822,
  #   0.0057833824077793425, 0.0020106121679604456, 0.9999812547876262, -0.00020093190323678886,
  #   0.0, 0.0, 0.0, 1.0]
  # These are for imu_optical_frame_transformed to cam optical frames
  data: [0.005783382407778648, 0.0020106121679608346, 0.9999812547876263, -0.00020093190323680792,
    -0.9999630777648099, -0.0063442182588000495, 0.005796033282675472, -0.053608689457178074,
    0.006355752910125412, -0.9999778539214732, 0.001973846891396347, -0.0002087236935039982,
    0.0, 0.0, 0.0, 1.0]

# Camera specific definitions.
rate_hz: 30
resolution: [848, 800]
camera_model: pinhole
intrinsics: [284.8479919433594, 285.9639892578125, 426.6488952636719, 399.7124938964844] # fu, fv, cu, cv
distortion_model: equidistant
distortion_coefficients: [0.001818535034544766, 0.02885127067565918, -0.02726716920733452, 0.003096377942711115]
