%YAML:1.0
# General sensor definitions.
camera_id: left_cam

# Sensor extrinsics wrt. the body-frame.
T_BS:
  cols: 4
  rows: 4
  data: [-0.0000038,  1.0000000,  0.0000027,  -0.00231,
         1.0000000,   0.0000038,  0.0000000,   -0.06935,
         -0.0000000,  0.0000027, -1.0000000,   0.0,
         0.0, 0.0, 0.0, 1.0]

# Camera specific definitions.
rate_hz: 30
resolution: [752, 480]
camera_model: pinhole
intrinsics: [803.0302124, 808.99627686, 621.92236328, 383.08587646] #fu, fv, cu, cv
distortion_model: radial-tangential
distortion_coefficients: [0, 0, 0, 0]
