%YAML:1.0
# General sensor definitions.
camera_id: right_cam

# Sensor extrinsics wrt. the body-frame.
T_BS:
  cols: 4
  rows: 4
  data: [1.000,  0.000,  0.000,  0.000,  # got from -> ros2 run tf2_ros tf2_echo world left_camera
         0.000,  1.000,  0.000,  0.001,  # TODO(saching): But is the direction of tf correct ?
         0.000,  0.000,  1.000,  0.000,
         0.000,  0.000,  0.000,  1.000 ]


# Camera specific definitions.
rate_hz: 30
resolution: [1280, 720]
camera_model: pinhole
intrinsics: [799.40985107, 805.4039917, 643.600341, 352.34115601] #fu, fv, cu, cv
distortion_model: radial-tangential
distortion_coefficients: [-10.741759300231934, 74.3210220336914, 0.002059099031612277, -0.001416072715073824, -79.13580322265625, -10.78948974609375, 74.28240966796875, -78.72036743164062, 0.0, 0.0, 0.0, 0.0, 0.0, 0.0]


# w.r.t IMU
# [-0.0000038,  1.0000000,  0.0000027,  -0.00231,
#          1.0000000,   0.0000038,  0.0000000,  0.00565,
#          -0.0000000,  0.0000027, -1.0000000,  0.0,
#          0.0, 0.0, 0.0, 1.0]