%YAML:1.0
# General sensor definitions.
camera_id: left_cam

# Sensor extrinsics wrt. the body-frame.
T_BS:
  cols: 4
  rows: 4
  data: [0.9999971920535097, -0.001602028699496861, 0.0017462500228088394, -0.04331727646364109,
  	 0.0016024531134925816, 0.9999986868687005, -0.0002416710446045327, 0.0037577143596020327,
	 -0.0017458605658039836, 0.0002444686497911577, 0.9999984461017748, -0.014312806799080792
	 0.0, 0.0, 0.0, 1.0]

# Camera specific definitions.
rate_hz: 30
resolution: [640, 480]
camera_model: pinhole
intrinsics: [383.2956186402059, 383.49601941242867, 322.9942678496267, 240.41545018096878] #fu, fv, cu, cv
distortion_model: equidistant
distortion_coefficients: [0.3354919090228668, 0.15968944929016493, -0.03198088713223753, 0.09726340362668]

