%YAML:1.0
# General sensor definitions.
camera_id: left_cam

# Sensor extrinsics wrt. the body-frame.
T_BS:
  cols: 4
  rows: 4
  data: [-0.01080233, 0.00183858, 0.99993996, 0.01220425,
         -0.99993288, -0.00420947, -0.01079452, 0.0146056,
         0.00418937, -0.99998945, 0.00188393, -0.00113692,
         0.0, 0.0, 0.0, 1.0]

# Camera specific definitions.
rate_hz: 15
resolution: [672, 376]
camera_model: pinhole
intrinsics: [349.686, 349.686, 332.778, 192.423] #fu, fv, cu, cv
distortion_model: radial-tangential
distortion_coefficients: [-0.175708, 0.0284421, 0, 0]

