%YAML:1.0
# General sensor definitions.
camera_id: right_cam

# Sensor extrinsics wrt. the body-frame.
T_BS:
  cols: 4
  rows: 4
  data: [-0.01043535, -0.00191061, 0.99994372, 0.01190459,
         -0.99993668, -0.00419281, -0.01044329, -0.04732387,
         0.00421252, -0.99998938, -0.00186674, -0.00098799,
         0.0, 0.0, 0.0, 1.0]

# Camera specific definitions.
rate_hz: 15
resolution: [672, 376]
camera_model: pinhole
intrinsics: [350.01, 350.01, 343.729, 185.405] #fu, fv, cu, cv
distortion_model: radial-tangential
distortion_coefficients: [-0.174559, 0.0277521, 0, 0]
